0 -2771546 4260032 -5938530 5403279 91646651158.656799
4 -3127975 309464 -387140 3140837 19018495735.451271
5 -1681614 4257793 -3020935 2916483 54452402020.229866
7 -1452037 412935 2686657 4110881 236988275567.187439
8 -1477905 523620 3078655 4357870 75788593838.421570
9 -3960721 -3184686 3271917 5541324 82139599543.312912
10 -3284923 -1442834 1704923 3946720 136284340602.021561
11 -3939330 4260778 -5937783 5780104 712306025722.774658
12 -1696787 26659 3678092 5222950 215611623213.525635
13 -3211051 -1476910 1718603 3937268 137797218374.587891
14 -2154697 1699612 3729828 5614947 567231539808.842285
15 -1925618 -1517950 3089350 3639042 47722712875.147987
16 -1822892 509691 2872707 4358367 457225763595.061584
20 -3916945 -1987054 3494281 5800997 349981945150.932190
21 -2362138 -1388611 1695222 2485684 21520367704.297096
22 -3446597 -1691812 3342805 4858064 74761923083.649155
23 -3852275 -3140412 3490550 4877465 67336857060.975121
24 -3969427 -3173741 3814893 5576643 189169979315.875488
25 -3926148 -3038930 3613671 5575897 30149042014.654015
26 -3695576 -1970389 3475627 5144600 83359726125.152115
27 -2744435 -1673157 3368176 4469549 19986702864.838936
28 -2812835 -1286383 3107507 5742546 74929580676.022354
29 -1767923 1690907 3127903 5405269 190930569634.170593
31 -3446846 929795 2688647 5113509 265026935364.636230
32 -1043872 378362 2815250 4023826 11902080535.209278
33 -1452286 385078 3210730 4015369 31917674948.515648
34 -3807255 -1983820 3150040 5800251 80236964268.093216
35 -3969427 -3097630 4343692 5575897 16093829675.761274
36 -3856006 -1499544 2185468 4878957 58996850767.597298
43 -3854514 -2878997 2700337 4623761 42365836266.878395
44 -3740844 -3112057 3114720 4053425 21749644101.837715
45 -3814468 -3288654 3484083 4369560 20903004193.488182
48 -3773925 -1983323 4348418 5799256 45317166689.078941
49 -3361035 -1957704 3219684 5223448 27132318944.800896
50 -3901523 -3264528 3813401 5574405 6032085081.640891
51 -2816317 -1307028 3106264 5750008 1077064667762.033203
52 -2740455 -1333642 3150289 5220960 162257161904.129639
53 -2366366 -1505514 3131385 4962282 251044354030.430328
54 -2120373 86603 2560800 5579628 591065767893.002930
57 -1708726 1015607 2557069 5015012 4757949245.894464
58 -3856752 -3338400 3495027 5161763 879119700.211317
59 -3968183 -1451291 1686268 5553014 9830179144.653801
60 -1750512 1104403 1981510 4808567 2905301917.074756
62 -1231663 1698617 4869754 5365721 628561305.710554
63 -3969427 -3411527 5178179 5565699 201931506.086540
65 -81539 415920 3485824 4150927 4904634172.651191
66 -1715441 -1240866 2561298 3234359 606598779.772833
67 -1643807 -4681 2565526 3744752 7697648809.242993
69 -2203946 1698120 3691026 5602014 36761061513.723412
71 -2809353 -1187887 2821220 5748266 32790174957.829018
73 -3966939 -1767923 2262076 5570176 5450480275.044525
75 -3652545 -2070876 3490799 5768911 20838106475.997597
76 -3249604 -1668680 2200143 3569895 24036592647.840553
79 -1745040 1103159 2453349 4799613 23838125652.883644
81 -3969427 -2826515 2574729 5568933 8122608219.572792
82 -3678662 -1712705 3400510 5223448 79555692900.117691
83 -3438141 -1574163 1776308 4016613 54377110769.337547
86 -3135935 -1658482 2196660 3974826 190450239912.080383
87 -3254827 -1383637 1677065 4583218 305274470543.700500
88 -3604789 -1892288 2503095 4132023 269905833167.763245
89 -3309796 -2002973 2410319 3393297 43283436787.202858
91 -3463262 -1101577 1659903 4452884 53166511593.116600
92 -3423217 -1496808 2249142 4018851 13563870420.300669
93 -3568475 -1955465 2233721 5133905 124169996893.328552
94 -3820686 -2442477 3241324 4877963 5917075685.250864
95 -3629662 -1933328 3581834 4588193 66568106.785882
99 -3387649 -2185291 3822604 5788561 5504427662.700310
101 -3867696 -3246868 3835040 5574156 4487036848.480840
106 -3700053 -3503308 4912038 5223448 349358828.085384
110 -3785864 -2845916 2584927 4599634 5076065607.506901
111 -1633361 1634445 3434337 5308016 1028279277.777079
113 -3708758 -2004216 3419911 5794281 12089102270.164465
114 -3867696 -3025499 3734803 5572664 7996339161.997727
115 -2875018 -1626396 3443789 5516948 19682135216.405998
116 -2728267 -1616447 3141334 5222950 3940262752.036527
117 -3721195 -1876867 2245411 5222701 88431151762.495529
118 -3701794 -2171114 3464434 5133656 68938636663.976776
119 -3589617 -2028094 3425881 5788312 12790542042.219347
120 -3812727 -3189660 3876081 5574653 6804299866.869679
127 461935 1093956 4482732 4920495 314466251.666019
130 -2402183 -1347073 1687263 3338328 200798487201.439636
131 609432 1196930 4607594 5235387 218697265.323505
134 -457617 1929189 1078125 3099797 55964351798.830833
151 -2865566 -771762 3170684 5749261 119100550976.633087
153 -1750761 445021 3476373 5221458 270829558448.614471
154 -1919151 -1552524 3106264 3627849 2215307405.010159
157 -1796030 395773 2556820 3975075 80961603891.512878
158 -2099480 -1556255 3121187 3587803 16796877970.842566
159 -1655746 1696627 4382991 5485857 56755497662.767540
161 -1021487 291058 2801570 3858670 4971697209.599437
162 -260126 -6671 2687652 3219187 5168617547.797100
168 -3775666 -1984069 3190583 5791545 8170740177.825315
169 -3696322 -1590082 3535073 5744038 619643221052.009033
170 -3625931 -2004962 3529103 5222453 38017565462.468681
171 -3595586 -2137535 3416678 5182905 69716605012.350571
172 -3895803 -3176726 3758183 5575400 8626942054.629511
272 1762541 3627762 -2557801 -510758 9185532608.685211
281 -457617 1924215 1075886 2848580 58466904296.649391
291 -91736 3037527 -2431695 1323372 18979767450.275764
294 -456125 1790398 1103495 2715261 5848960921.708411
296 -2775028 1304133 774675 2874945 34596360717.731438
299 -2803881 1690907 4490940 5741302 49401021054.446938
309 -1452037 -468064 3213217 3826832 5952215726.751421
345 140825 1589923 -1875536 653046 13165760971.264404
346 348266 3351672 -1700431 342881 44252324445.563255
375 -39255 1002673 -809731 1198012 9580734343.019890
377 670868 1536197 -3527845 -1656157 41910809849.201317
378 73420 1432726 -2364289 -594083 36089874347.798378
392 883034 2063006 -4719010 -3075655 118891999779.625687
495 -3368745 1643648 4479747 5744038 106040890658.544327
496 -3384664 -2992915 5507994 5795774 71950472.297380
500 -3762484 -1996506 4554366 5799007 30075668618.139397
501 -3693834 -1638087 3947715 5800997 233255636018.940308
502 -718783 1097936 3527114 5049337 310505078095.683167
503 -1265241 807669 3546763 5318462 7704949029.132194
504 -1509494 1699115 3531093 5399050 91326802541.472504
506 -504378 144556 3480352 3982786 37924023.661474
507 -767037 335083 4680720 5162260 77580302.889866
508 -1332150 521381 3526865 4418062 11403562129.562935
509 -747636 -195208 3816634 4226789 871386416.430429
561 -2068886 -528754 1380580 2615272 47358011212.033592
562 -3052610 339311 163049 3439312 233237632934.302460
563 249023 1843129 214288 1330834 120051064352.729706
565 381347 1705333 146136 1068922 24495145442.921791
566 -125066 252754 -828137 429190 24786226244.440575
567 1149920 2732336 1127 906501 29106657227.238503
568 3149953 4253814 -2383690 -622935 193945684180.253601
570 1483715 4242621 -3055508 -298841 497977694480.444885
571 1311097 3552148 -3301004 -1602183 52587010239.699715
572 3255912 4242870 -1779527 -130700 477004162733.276428
573 -98452 1655338 -808239 1209702 41894786485.206978
574 -104173 1546395 -2915971 -372713 29344966100.235390
575 1065104 1545649 -3114706 -1813354 29807725801.693520
578 -2185291 261210 770695 2554582 211154282175.767334
579 408458 1701851 379444 1320884 13506829719.133390
580 293297 1100175 146136 1320636 45022868841.507240
581 -7915 412935 -57325 1019673 55274047955.399040
582 -93726 236835 -414251 242394 21021539967.284142
583 508696 1702846 269506 1065688 54815804491.669044
584 677335 1689414 -182933 840339 60017767959.236610
585 1148179 1987641 -10564 854766 111002256201.115814
586 1179270 2775615 -345851 923912 294036710015.385559
587 615650 2740047 141907 1158216 54462671821.091103
588 132369 1316072 -1191282 379693 364198071662.280823
589 -39006 698477 -1119648 395114 31219699687.573051
590 139084 2952710 -2249376 198867 907915603303.965820
591 137343 1548136 -1924287 -413754 75465218843.833115
592 349012 2965644 -461510 565991 537489206647.041565
593 348017 3807842 -1640984 201851 1054376697933.317871
595 2259253 4259534 -3236085 -622686 118876842543.414825
596 2093848 3562595 -3236085 -1601188 91628957405.365753
597 1486451 3900867 -2730419 -307546 291894219209.884338
598 -383247 1787662 1112698 2470511 17603737867.410561
600 -2362884 -424039 1281585 2734911 41023585667.568825
601 -2375569 -432496 1282083 2494141 78658446382.704956
602 -530495 259469 773183 1320884 13989262894.515642
603 1150418 2749747 -1858 853771 129169472058.373062
604 1179768 2720646 -156816 926648 27849967679.682487
606 -90742 1075053 -981852 1209702 116710780689.477386
607 -101686 1014612 -803513 1287306 102562459613.827301
609 915617 1700110 1029374 1272880 3731031026.061232
610 43324 1531471 -3180619 -438627 64171964273.877052
611 67699 1538933 -2886621 -533890 27572806788.969597
612 624853 1559826 -3565900 -1369372 15941329319.603638
613 951434 1859296 -3595748 -1442996 13722186205.861477
614 43821 1476004 -3179375 -644575 15466505695.461706
615 -36270 994465 -1490006 215531 11095715568.816322
616 2115239 4259037 -3213451 -624925 270164867241.229462
617 -457617 1916255 1074642 2909519 7110785369.675593
618 -1761456 1927697 914709 2859275 11010773179.767870
619 -3275969 1773982 -293369 3408967 34171339441.124840
620 -1670421 640025 577681 2426735 57468815758.731743
621 254744 1953067 213790 1332077 29334881898.184898
622 -78554 353489 -606270 1022658 2011210579.464839
624 573615 1736424 281693 1123642 40089095655.466545
625 -113376 80882 -452307 -87421 7156442677.118218
626 837516 2777854 -9320 911725 27224932751.362770
627 683802 2778600 -392114 913466 66633623167.061409
628 1592410 2832574 163298 1142297 48639385401.418724
629 -39006 1012622 -880619 1198012 9308770219.016251
630 -109645 1498390 -3138832 -538118 6288520771.816610
631 986256 1574750 -3583312 -1442250 5408720542.627490
632 139831 984764 -1486772 -432409 1830375471.532212
633 142069 1326518 -1185312 373723 86725436825.476532
634 150526 1889393 -1185063 290648 142841608450.588593
635 157490 2391577 -1894688 -230192 211429463345.764404
636 448752 3209399 -1854394 -156319 63294081899.052071
637 348514 2749250 -462753 540372 169355574018.141296
638 398260 3646417 -1706151 467992 142114370443.997864
639 925566 3324810 -1712618 -89660 106548255940.851562
640 1643399 3645422 -783366 498337 62745389948.218895
641 2380136 4257047 -3608931 -305557 16094077140.842260
642 1725977 3176069 -3665890 -2178737 27296450159.769936
643 1476999 4232174 -2648587 -347592 129364969472.358047
644 1038241 2158269 -2049647 -1152480 12899117346.501965
645 1037246 1643151 -1751171 -1152231 18061733866.059563
646 1768510 2345065 -2314792 -1606162 50470070204.339516
647 1119575 2334618 -3566149 -1406184 151546687602.555267
648 1117586 2196325 -3620870 -1880013 138624370407.605164
649 1297417 2277908 -3339806 -1663619 12868679141.540684
650 1520776 2154041 -3281354 -2470745 7671417.510641
652 601472 926313 -4214338 -2661769 35971957236.704903
653 601970 897958 -4804821 -3114954 10853076056.909527
654 878557 2701494 -4719010 -2926915 67413756834.893898
655 366920 1184245 -5820134 -2463035 35264083372.522560
656 366920 1272295 -5932311 -2516263 25293591526.747810
657 364433 1245432 -5900474 -2468755 55640481874.080391
658 364682 1267321 -5932063 -2513029 67820775026.858208
659 359707 1408350 -5936291 -3523865 49763433665.562141
660 -2382285 -1293597 1706415 2562541 8154283749.939491
661 1100672 2701494 -4630213 -2786134 52059229088.210503
662 608437 1027794 -4210110 -2986361 2032801907.781119
663 358961 1278762 -5936042 -3598733 43062574202.416023
664 596746 1463319 -5737556 -2496364 29187702041.263924
671 -457120 1929438 1078622 2851316 14758569965.030941
672 -1399555 -295943 1274372 1985489 10706081798.803829
673 -2382533 -536713 1429828 2620744 59151083379.326591
676 450991 1704089 220257 1071658 55781722569.057518
679 1141961 2778351 -343363 911973 39603197968.935509
680 457209 1742145 -380673 525448 64283818490.486183
681 1602608 2738803 151359 915207 12652827724.650625
684 3578762 4235408 -2240422 -790081 1554018842.337875
685 1513065 4209540 -2871697 -266506 1026475752439.645020
688 1614298 3557123 -3235339 -1601188 176270243309.560486
689 -368323 1778708 1413163 2432705 392294019.636873
691 -369318 -359867 1032856 1068922 14229242.156834
692 1183748 1986397 40177 834619 8790145275.539793
693 1183748 1955057 64055 728909 2580503998.278097
694 2283 1518040 -981852 1195027 46113509319.716515
696 52278 1544903 -3180868 -456535 46438245372.250435
699 1803581 4185910 -3195045 -351074 110479424351.246475
700 -280025 -2940 2711530 3199040 17013224.317953
701 1594897 1924463 861979 1121652 11074062.374231
702 2379887 4259534 -3610174 -304562 10986274136.750254
703 -2379300 -428765 1020668 2316051 632149549.384886
706 1615542 2224929 390637 682148 1334826646.851971
707 629579 1926205 276221 1133591 11444641333.006615
708 29643 1422528 -3166939 1167667 16659163653.273844
709 1840144 2986289 -348338 464509 18336853169.854256
710 -446424 1817012 1096282 2913498 15181797119.787287
711 -2380544 1098185 55847 2603333 38893529982.915962
715 524864 1692150 274978 1072404 154146865074.184509
717 1152159 2550018 40426 828152 8978899266.061882
718 1096195 1702099 318257 1065191 6583313549.545754
720 1602110 2778103 -6833 918689 1645209724.682279
721 4771 930790 -619204 1177119 1015039895.944199
722 69938 1409594 -3156243 -625671 8755809495.552982
724 1041723 2030173 33959 535397 25393134355.577507
725 149034 3079562 -1874044 512265 71546794885.109375
726 1641907 3644427 -1120891 455058 29855424696.055046
727 1650115 3659599 -2451842 -505037 37445240596.400612
728 1037246 2182396 -2077007 -1153972 75520651021.975693
729 1770003 2345313 -2390654 -1610639 56222890942.198952
730 1392431 3526529 -3664149 -1888221 13809912577.071022
732 1242696 1943864 -3438302 -1885485 37985889.931721
734 1371041 2195578 -4314576 -2104616 86646742929.720551
735 -294202 4239636 -3186837 2615272 2089347678.787079
736 -2792439 -1633858 1707410 2990853 4767352918.972078
737 -2382533 500737 -1672324 2621490 16672217436.295856
738 1115844 2201797 -4389941 -1894937 65454328323.586159
739 569386 1398401 -3119680 -1509655 34446025681.027794
740 529589 1025804 -2852794 -1622578 6699684003.881226
741 369905 915617 -5011018 -2852794 10415062863.564266
742 559437 949693 -4153648 -2785637 9491275716.243443
743 603213 1271549 -4231998 -1891703 30165869640.161583
744 943226 1509334 -3614651 -2518253 60078520636.620552
745 694994 1585943 -5373914 -2561034 74167511959.102402
746 -2194494 -848620 1531807 2142686 584450655.024371
748 1167580 2700499 -4390936 -2665998 542778834620.855774
749 570381 1480730 -5740292 -3375871 243421563409.922455
750 361448 1409594 -5934052 -3516155 216491547175.051788
755 1286721 2713930 -4391184 -3007752 21861498318.446846
757 553716 1409842 -5718155 -4423768 37797940203.086815
758 359956 1359350 -5935793 -2467263 29591874384.796806
759 360205 1408599 -5936788 -2457065 13996934312.026209
760 1104154 2703484 -4673244 -2922438 109946817630.677887
761 861394 1473517 -3754935 -2364787 881965548.642683
762 622614 2703981 -5740541 -2513278 72026753409.696564
763 757923 2712935 -5728105 -3046305 1481202242.256896
765 -2379797 -502140 1362422 2459070 19711583561.044243
766 249271 1957793 178222 1332077 27937075388.192253
767 -125066 201515 -963446 112806 30264793806.288795
768 -96711 1014612 -931111 1200997 33168549066.668312
769 -99447 1543659 -3174152 -477429 41849067311.493401
770 942729 1574501 -3509439 -1718339 37934479061.525063
771 1113108 2038879 -3621367 -1876282 256454002565.887573
772 1603354 2196076 -3249019 -2246143 54791243582.380424
773 992475 2702240 -3734539 -2462537 49516587247.270973
775 26907 1010632 -891563 1192291 1432266022.491344
776 63719 1546395 -1909612 -429424 3734000607.033087
777 624107 1860291 -3153259 -1366636 4469404961.460314
778 3121100 4230931 -1721573 -326201 40876467676.918098
779 3320581 4231677 -1779278 -323465 52535908700.474525
780 1117586 2196325 -3622113 -1877028 66345450080.244301
781 1132509 2539571 -4111115 -2937859 10622809799.052032
782 -107158 1069332 -3153756 -552794 4429501217.150702
783 -112132 1069581 -2919453 -547570 122946962596.787674
784 745238 954917 -3647235 -2487908 10925521459.368185
785 481833 1033266 -5002810 -2486664 31145274564.464211
787 113714 1494410 -3823335 -800030 147197241340.083588
788 495016 1312589 -4960028 -1923541 111099200646.595078
789 820354 1509334 -4723238 -1637751 225442544751.195251
790 521381 1409842 -5812672 -3537297 75627741535.775696
792 37105 931287 -975385 1108470 2834712502.722949
793 178632 1350645 -1960850 -883603 84991943933.115997
794 562422 1432477 -3914370 -1456676 153767129907.493408
795 486808 1138728 -5860926 -3509688 28244860082.678108
796 364682 1279260 -5936291 -3644748 49861739168.986870
851 1183499 1902078 39928 724432 444571017.995674
853 -90244 1013119 -803761 1195027 4926658564.859286
855 1034261 1438446 -3046056 -1641482 302216730.157092
856 45811 1140469 -1842455 -715462 104925194.339085
859 1188971 1902824 -3469642 -1902648 431826566.324771
860 1045205 1531222 -3114208 -1630289 564591582.275051
861 -111635 1065850 -3609179 -539860 60333100338.692772
862 573863 1422528 -4048933 -1461650 8055978246.516278
863 582071 1389695 -3757671 -1386534 4832374369.002158
865 1116839 2704479 -4671502 -2921940 19912587073.081337
867 1491674 2252040 -2448857 -1308184 7347176388.291136
872 1489187 3766055 -2728926 -506032 72271248909.718292
873 -1613462 264444 770695 2294162 140323898717.180145
1031 -3613246 1103905 2714017 5221955 7018790225.817621
3105 -2363879 -1398063 1704425 2274761 2536517.080131
3130 -3750047 -2219865 3845985 5550775 2424972194.877183
* * * * * 89143335470685.062500
